            year          month            day       dep_time      dep_delay  \
count   336776.0  336776.000000  336776.000000  328521.000000  328521.000000   
unique       NaN            NaN            NaN            NaN            NaN   
top          NaN            NaN            NaN            NaN            NaN   
freq         NaN            NaN            NaN            NaN            NaN   
mean      2013.0       6.548510      15.710787    1349.109947      12.639070   
std          0.0       3.414457       8.768607     488.281791      40.210061   
min       2013.0       1.000000       1.000000       1.000000     -43.000000   
25%       2013.0       4.000000       8.000000     907.000000      -5.000000   
50%       2013.0       7.000000      16.000000    1401.000000      -2.000000   
75%       2013.0      10.000000      23.000000    1744.000000      11.000000   
max       2013.0      12.000000      31.000000    2400.000000    1301.000000   

             arr_time      arr_delay carrier tailnum         flight  origin  \
count   328063.000000  327346.000000  336776  334264  336776.000000  336776   
unique            NaN            NaN      16    4043            NaN       3   
top               NaN            NaN      UA  N725MQ            NaN     EWR   
freq              NaN            NaN   58665     575            NaN  120835   
mean      1502.054999       6.895377     NaN     NaN    1971.923620     NaN   
std        533.264132      44.633292     NaN     NaN    1632.471938     NaN   
min          1.000000     -86.000000     NaN     NaN       1.000000     NaN   
25%       1104.000000     -17.000000     NaN     NaN     553.000000     NaN   
50%       1535.000000      -5.000000     NaN     NaN    1496.000000     NaN   
75%       1940.000000      14.000000     NaN     NaN    3465.000000     NaN   
max       2400.000000    1272.000000     NaN     NaN    8500.000000     NaN   

          dest       air_time       distance  
count   336776  327346.000000  336776.000000  
unique     105            NaN            NaN  
top        ORD            NaN            NaN  
freq     17283            NaN            NaN  
mean       NaN     150.686460    1039.912604  
std        NaN      93.688305     733.233033  
min        NaN      20.000000      17.000000  
25%        NaN      82.000000     502.000000  
50%        NaN     129.000000     872.000000  
75%        NaN     192.000000    1389.000000  
max        NaN     695.000000    4983.000000  
